Result: 164.572913646698 sec.
Result: 188.4663143157959 sec.
